D table (shortest distances):
0 140 270 295 230 160 100 70 300 360 460 
140 0 130 165 100 170 230 210 170 230 330 
270 130 0 160 225 295 355 340 295 355 340 
295 165 160 0 65 135 195 260 135 195 180 
230 100 225 65 0 70 130 195 70 130 230 
160 170 295 135 70 0 60 125 140 200 300 
100 230 355 195 130 60 0 65 200 260 360 
70 210 340 260 195 125 65 0 265 325 425 
300 170 295 135 70 140 200 265 0 60 160 
360 230 355 195 130 200 260 325 60 0 100 
460 330 340 180 230 300 360 425 160 100 0 
P table (predecessors):
-1 0 1 4 5 6 0 0 4 8 9 
1 -1 1 4 1 4 5 0 4 8 9 
1 2 -1 2 3 4 5 0 4 8 3 
6 4 3 -1 3 4 5 6 4 8 3 
6 4 3 4 -1 4 5 6 4 8 9 
6 4 3 4 5 -1 5 6 4 8 9 
6 4 3 4 5 6 -1 6 4 8 9 
7 0 1 4 5 6 7 -1 4 8 9 
6 4 3 4 8 4 5 6 -1 8 9 
6 4 3 4 8 4 5 6 9 -1 9 
6 4 3 10 8 4 5 6 9 10 -1 
Shortest path from city #1 to city #11:
1 7 6 5 9 10 11 
Total distance from city #1 to 11 is: 
460
The running time of the algorithm is O(N^3).
